52.532547 1
0.526296 2
172.521034 3
0.276898 4
22.734654 5
0.408492 6
27.106426 7
0.47963 8
20.937207 9
0.232963 10
21.458844 11
0.224464 12
30.428241 13
0.219429 14
21.856784 15
0.454789 16
24.328634 17
0.284933 18
67.434447 19
0.389097 20
26.599532 22
0.443144 23
59.999544 24
0.67487 25
140.230204 26
0.491522 27
20.733785 28
0.276352 29
22.738217 30
0.324045 31
28.843149 32
0.248503 33
22.254454 34
0.25589 35
56.45412 36
0.347436 37
47.999001 38
0.27742 39
32.384699 40
1.084858 41
48.722394 42
0.233585 43
32.828654 44
0.216594 45
31.62748 46
0.383162 47
39.964542 48
0.814994 49
71.032466 50
0.296985 51
137.78826 52
0.427796 53
38.537858 54
0.259716 55
30.121382 56
0.278203 57
31.018392 58
0.312134 59
48.132617 60
0.423483 61
33.037515 63
0.337984 64
22.197979 65
0.232702 66
31.386096 67
0.358835 68
116.941428 69
0.408095 70
28.596866 71
0.313972 72
187.948435 73
0.341767 74
22.633267 75
0.345664 76
28.191258 77
0.243149 78
44.381554 79
0.41868 80
33.216208 81
0.392163 82
103.509054 83
0.344643 84
34.5159 85
0.313798 86
21.196287 87
0.375047 88
24.350719 89
0.216787 90
23.356577 91
0.339621 92
21.495485 93
0.240017 94
103.196508 95
0.315151 96
46.704923 97
0.253683 98
22.926291 99
0.337905 100
30.33982 101
0.44524 102
47.598466 104
0.222088 105
22.883571 106
0.323195 107
33.395793 108
0.369608 109
157.851445 110
0.392425 111
25.699438 112
0.273487 113
88.639953 114
0.314156 115
20.135817 116
0.36137 117
23.008848 118
0.405196 119
164.655039 120
0.246692 121
45.896169 122
0.437364 123
